   8.0000000e+00
   7.0224440e+00
   6.7950452e+00
   7.2297975e+00
   8.0389481e+00
   8.7726367e+00
   8.9615248e+00
   8.5115022e+00
   7.8313378e+00
   7.3893765e+00
   7.3681355e+00
   7.6983687e+00
   8.1627746e+00
   8.4822565e+00
   8.4678504e+00
   8.1691249e+00
   7.8217232e+00
   7.6394266e+00
   7.6915047e+00
   7.9119348e+00
   8.1557534e+00
   8.2762941e+00
   8.2139184e+00
   8.0330716e+00
   7.8624706e+00
   7.7994230e+00
   7.8615524e+00
   7.9950815e+00
   8.1134407e+00
   8.1482825e+00
   8.0898247e+00
   7.9871624e+00
   7.9081732e+00
   7.8948659e+00
   7.9446418e+00
   8.0196219e+00
   8.0725002e+00
   8.0749652e+00
   8.0327518e+00
   7.9776623e+00
   7.9440817e+00
   7.9482191e+00
   7.9819941e+00
   8.0214347e+00
   8.0425796e+00
   8.0355436e+00
   8.0086191e+00
   7.9806796e+00
   7.9682632e+00
   7.9762702e+00
   7.9969981e+00
   8.0164630e+00
   8.0234058e+00
   8.0155567e+00
   7.9997289e+00
   7.9864237e+00
   7.9830611e+00
   7.9901240e+00
   8.0019392e+00
   8.0108820e+00
   8.0121154e+00
   2.0000000e+00
   1.8938344e+00
   1.6873801e+00
   1.5217464e+00
   1.4649412e+00
   1.5299077e+00
   1.6782131e+00
   1.8140162e+00
   1.8447162e+00
   1.7685038e+00
   1.6561631e+00
   1.5771753e+00
   1.5663238e+00
   1.6213578e+00
   1.7053223e+00
   1.7631872e+00
   1.7612072e+00
   1.7111264e+00
   1.6517765e+00
   1.6179416e+00
   1.6242127e+00
   1.6621176e+00
   1.7057943e+00
   1.7278027e+00
   1.7177756e+00
   1.6871257e+00
   1.6572677e+00
   1.6450242e+00
   1.6547660e+00
   1.6779758e+00
   1.6991605e+00
   1.7058413e+00
   1.6961973e+00
   1.6785595e+00
   1.6644690e+00
   1.6614910e+00
   1.6697449e+00
   1.6828582e+00
   1.6923927e+00
   1.6931869e+00
   1.6860950e+00
   1.6765115e+00
   1.6704042e+00
   1.6708000e+00
   1.6765290e+00
   1.6834700e+00
   1.6873493e+00
   1.6863229e+00
   1.6817356e+00
   1.6768194e+00
   1.6744953e+00
   1.6757367e+00
   1.6792984e+00
   1.6827512e+00
   1.6840762e+00
   1.6828080e+00
   1.6800805e+00
   1.6777118e+00
   1.6770347e+00
   1.6781962e+00
   1.6802461e+00
