  1.6480133e+001
  1.6069309e+001
  1.5264242e+001
  1.7349977e+001
  1.6496449e+001
  1.7700283e+001
  1.6672157e+001
  1.8924203e+001
  2.0086857e+001
  2.0581395e+001
  2.1939577e+001
  2.2889509e+001
  2.4075075e+001
  2.3593407e+001
  2.4057408e+001
  2.3895402e+001
  2.4004001e+001
  2.3243144e+001
  2.1823978e+001
  2.1101802e+001
  2.0480660e+001
  1.9284938e+001
  1.8301557e+001
  1.7539973e+001
  1.7442861e+001
  1.6305313e+001
  1.6045271e+001
  1.6035695e+001
  1.6715189e+001
  1.7046695e+001
  1.8073467e+001
  2.0213638e+001
  2.0416468e+001
  2.1520598e+001
  2.1928090e+001
  2.2600322e+001
  2.2476237e+001
  2.3410549e+001
  2.2439984e+001
  2.3166825e+001
  2.3308795e+001
  2.2616974e+001
  2.1986297e+001
  1.9769280e+001
  1.9585719e+001
  1.9397300e+001
  1.8323114e+001
  1.7063414e+001
  1.7855819e+001
  1.7634873e+001
  1.7386762e+001
  1.6993202e+001
  1.6840231e+001
  1.7245828e+001
  1.7581408e+001
  1.8491824e+001
  1.9319654e+001
  2.1121869e+001
  2.1015930e+001
  2.2351062e+001
  2.2326043e+001
  2.2008098e+001
  2.2474115e+001
  2.3273013e+001
  2.2613875e+001
  2.2681788e+001
  2.1283273e+001
  2.1562047e+001
  2.0260445e+001
  2.0105850e+001
  1.9158587e+001
  1.8356582e+001
  1.8550955e+001
  1.7325715e+001
  1.6633352e+001
  1.6779716e+001
  1.6863602e+001
  1.7692527e+001
  1.8168354e+001
  1.8569842e+001
  2.0036627e+001
  1.9377996e+001
  2.1077421e+001
  2.1355454e+001
  2.2394329e+001
  2.2912342e+001
  2.2766256e+001
  2.1821642e+001
  2.3591406e+001
  2.2393006e+001
  2.2071182e+001
  2.1112301e+001
  2.0937182e+001
  2.0336083e+001
  1.8794950e+001
  1.8375566e+001
  1.7951698e+001
  1.8623071e+001
  1.7740720e+001
  1.7671453e+001
  1.7802269e+001
  1.7818097e+001
  1.7827536e+001
  1.8174894e+001
  1.9067468e+001
  1.9695994e+001
  2.0246376e+001
  2.1231484e+001
  2.1543167e+001
  2.1454474e+001
  2.2616690e+001
  2.1819597e+001
  2.2604710e+001
  2.2159391e+001
  2.2022033e+001
  2.0827830e+001
  2.1048212e+001
  2.0916721e+001
  1.9520751e+001
  1.9028107e+001
  1.8695069e+001
  1.7860816e+001
  1.7001219e+001
  1.8017156e+001
  1.6921993e+001
  1.7008552e+001
  1.7928063e+001
  1.8096293e+001
  1.7727610e+001
  1.9427693e+001
  2.0373943e+001
  2.0694751e+001
  2.1370121e+001
  2.2671319e+001
  2.1531704e+001
  2.2567281e+001
  2.1857917e+001
  2.1988482e+001
  2.2547695e+001
  2.1351283e+001
  2.0762608e+001
  2.0100344e+001
  1.9612908e+001
  1.9769106e+001
