  2.8641493e+001
  3.0434678e+001
  3.5173744e+001
  3.5088415e+001
  3.6158875e+001
  4.0836303e+001
  3.7846808e+001
  3.8407688e+001
  4.0063335e+001
  4.4103334e+001
  4.8637120e+001
  4.6195232e+001
  4.4306820e+001
  5.1638509e+001
  5.1965859e+001
  5.3933583e+001
  5.6318387e+001
  5.9871731e+001
  5.8977791e+001
  5.9284351e+001
  5.7235949e+001
  6.2828220e+001
  6.7050343e+001
  6.4328507e+001
  6.9819204e+001
  6.9137329e+001
  7.0359630e+001
  7.1953629e+001
  7.1386680e+001
  7.8109048e+001
  7.0606397e+001
  7.7160216e+001
  7.5420541e+001
  7.6386353e+001
  7.4812801e+001
  7.0091164e+001
  7.5080086e+001
  6.9280836e+001
  6.6914919e+001
  6.3901730e+001
  6.2454456e+001
  5.9811260e+001
  5.8178169e+001
  4.9446990e+001
  4.7333597e+001
  4.6900307e+001
  4.0824118e+001
  3.6956970e+001
  3.6695228e+001
  3.0115206e+001
  3.0703271e+001
  2.6668036e+001
  2.5100606e+001
  2.2472112e+001
  2.3092300e+001
  1.9797320e+001
  2.2158821e+001
  1.6380135e+001
  1.7008143e+001
  1.6651032e+001
  1.5523416e+001
  1.3982212e+001
  1.4928975e+001
  1.0949522e+001
  1.1846417e+001
  8.7709836e+000
  1.0984743e+001
  9.7213542e+000
  1.0596562e+001
  1.1270101e+001
  9.7901001e+000
  9.9340903e+000
  8.8621937e+000
  7.3125374e+000
  8.1848072e+000
  1.1447003e+001
  8.9751350e+000
  9.6793864e+000
  6.9762810e+000
  4.4091481e+000
  1.2091220e+001
  6.2839262e+000
  9.0851094e+000
  8.7614762e+000
  1.1899141e+001
  9.3779666e+000
  1.0132899e+001
  1.4097046e+001
  1.0770771e+001
  9.3154875e+000
  9.4390536e+000
  1.1822738e+001
  8.3555921e+000
  1.1296024e+001
  8.0065025e+000
  1.4064151e+001
  1.2713315e+001
  1.3421612e+001
  1.5019277e+001
  1.1297938e+001
  1.0826094e+001
  1.2393219e+001
  1.2766068e+001
  1.3793561e+001
  1.7033108e+001
  1.6160117e+001
  1.7966255e+001
  2.2281722e+001
  1.9844178e+001
  2.0651233e+001
  2.1437612e+001
  2.2278286e+001
  2.1206668e+001
  2.4611457e+001
  2.1337494e+001
  2.1906872e+001
  1.9295302e+001
  2.6112872e+001
  2.5064690e+001
  2.7814385e+001
  2.6933991e+001
  2.9347318e+001
  3.3483471e+001
  3.1164672e+001
  3.4862014e+001
  3.3162787e+001
  3.4102322e+001
  3.7174000e+001
  3.6820861e+001
  3.7245977e+001
  3.7278608e+001
  4.0581842e+001
  4.1667352e+001
  4.2188098e+001
  4.2557417e+001
  4.4438715e+001
  4.8829635e+001
  5.1251316e+001
  4.9015650e+001
  5.3542565e+001
  5.5348604e+001
  5.4920677e+001
  6.0644078e+001
  5.9185087e+001
  6.0148173e+001
  6.6838906e+001
  7.0292219e+001
  7.3486700e+001
  6.7407813e+001
  7.0566283e+001
  7.1781947e+001
  7.4318112e+001
  7.7101120e+001
  7.6753611e+001
  7.2635703e+001
  7.6269671e+001
  7.4276240e+001
  7.4089055e+001
  7.2649325e+001
  7.1810231e+001
  6.8644252e+001
  6.5102459e+001
  6.1513496e+001
  6.0971460e+001
  5.7037931e+001
  5.4874615e+001
  5.3043409e+001
  4.8002124e+001
  4.4969026e+001
  4.3062618e+001
  3.7148560e+001
  3.5314262e+001
  3.3771802e+001
  3.2103595e+001
  2.4871504e+001
  2.1756974e+001
  2.1502484e+001
  2.3911842e+001
  1.9553016e+001
  1.8688447e+001
  1.8456907e+001
  2.0733157e+001
  1.4364463e+001
  1.1369617e+001
  1.1664025e+001
  1.3746100e+001
  1.2538331e+001
  1.5344246e+001
  1.0597814e+001
  1.2433508e+001
  9.4334415e+000
  9.3179176e+000
  8.3020570e+000
  1.3331157e+001
  9.5890654e+000
  4.8328989e+000
  9.9898324e+000
  9.7018264e+000
  8.0204482e+000
  8.1004866e+000
  7.9718169e+000
  1.1299918e+001
  1.1294576e+001
  8.8368868e+000
  6.4738335e+000
  1.1062137e+001
  7.1117816e+000
  1.4375352e+001
  9.8052841e+000
  7.5470906e+000
  1.0578151e+001
  1.4485610e+001
  1.0206540e+001
  1.0291722e+001
  1.3064712e+001
  1.0676843e+001
  1.2220333e+001
  1.0521236e+001
  1.5996038e+001
  1.1354974e+001
  1.3778190e+001
  1.6649875e+001
  1.1056977e+001
  1.2241360e+001
  1.6908671e+001
  1.5759730e+001
  1.4628122e+001
  1.4785937e+001
  1.7665878e+001
  1.9255795e+001
  1.7193357e+001
  2.1406525e+001
  1.7658313e+001
  2.0853497e+001
  1.9332074e+001
  1.9656901e+001
  2.1396418e+001
  2.6000098e+001
  2.4320225e+001
  2.4281277e+001
  6.3197741e+000
  3.8508465e+000
  3.8074662e+000
  5.9107276e+000
  4.8822636e+000
  2.4611256e+000
  4.2895583e+000
  3.0745454e+000
  2.7767005e+000
  6.3192818e+000
  5.0794238e+000
  6.7754560e+000
  5.4624457e+000
  6.6386226e+000
  4.5165265e+000
  2.4911379e+000
  5.6371999e+000
  5.0212483e+000
  1.2018017e+001
  8.6721081e+000
  5.9688161e+000
  7.7833066e+000
  1.0429941e+001
  8.5914499e+000
  8.1622771e+000
  7.6257763e+000
  9.3195082e+000
  1.4867441e+001
  1.4284437e+001
  1.3550074e+001
  1.5672137e+001
  1.6672688e+001
  1.9082288e+001
  2.5043467e+001
  2.5759984e+001
  2.4932509e+001
  2.9629183e+001
  3.1868892e+001
  3.7438651e+001
  3.9258886e+001
  3.8891457e+001
  4.2634462e+001
  4.5555118e+001
  4.7681004e+001
  4.8793546e+001
  5.2765043e+001
  5.1871927e+001
  5.4748702e+001
  5.6086539e+001
  5.7707342e+001
  5.6198339e+001
  5.2256176e+001
  5.5900361e+001
  5.0545950e+001
  4.9198833e+001
  5.1530521e+001
  5.0946442e+001
  4.8223912e+001
  4.4471192e+001
  4.4852060e+001
  4.2938381e+001
  4.1472695e+001
  3.7129857e+001
  3.9732424e+001
  3.9311248e+001
  3.4472715e+001
  3.3180063e+001
  3.0913418e+001
  2.9909512e+001
  3.3025027e+001
  2.5599595e+001
  2.3437158e+001
  2.4055279e+001
  2.2853509e+001
  2.1579879e+001
  2.3194910e+001
  2.4974627e+001
  1.7876562e+001
  1.8784617e+001
  1.7048589e+001
  1.2121975e+001
  1.5351236e+001
  1.5681772e+001
  1.5974362e+001
  1.4712930e+001
  1.7407253e+001
  1.1557196e+001
  1.6170586e+001
  1.0778273e+001
  1.4110898e+001
  8.1142879e+000
  6.5169960e+000
  1.1785660e+001
  7.8394132e+000
  1.0710563e+001
  8.0381873e+000
  9.0200830e+000
  8.3670888e+000
  6.8691273e+000
  6.8230883e+000
  4.1295292e+000
  6.0592987e+000
  8.9353129e+000
  6.3248998e+000
  6.5255834e+000
  7.5851064e+000
  5.8061942e+000
  4.5105155e+000
  6.4262253e+000
  4.4242686e+000
  5.3453892e+000
  6.2801147e+000
  4.2612548e+000
  6.7336189e+000
  4.0208226e+000
  2.5413682e+000
  4.3843908e+000
  2.8660865e+000
  3.2283618e+000
  3.2062916e+000
  4.4292201e+000
  2.8169535e+000
  2.7053059e+000
  5.0068902e+000
  4.7525938e+000
  3.0118822e+000
  3.8882865e+000
 -1.1763512e+000
  1.7789493e+000
  4.0972946e+000
  8.0187917e+000
  3.6933673e+000
  4.6393723e+000
  5.5845641e+000
  4.4978412e+000
  5.7763228e+000
  5.4301469e+000
 -1.4796208e+000
  5.8043777e+000
  5.8008773e+000
  1.9742051e+000
  3.2830126e+000
  7.7056679e+000
  9.2296691e+000
  6.8899164e+000
  7.3602950e+000
  7.2793486e+000
  7.5324856e+000
  8.2743155e+000
  1.0683260e+001
  1.3653938e+001
  1.0941335e+001
  1.6359881e+001
  1.5737250e+001
  1.6298449e+001
  1.7468000e+001
  2.0761007e+001
  2.3157052e+001
  2.4608652e+001
  2.4578076e+001
  3.2727906e+001
  3.5616249e+001
  3.6086873e+001
  4.3244985e+001
  4.3635707e+001
  4.6531411e+001
  4.6102476e+001
  4.8576592e+001
  5.0139655e+001
  5.6574931e+001
  5.2636077e+001
  5.5964546e+001
  5.4766594e+001
  5.2206242e+001
  5.3424637e+001
  5.5113596e+001
  5.3584718e+001
  5.2119255e+001
  5.0284476e+001
  5.1546909e+001
  4.7702124e+001
  4.7485921e+001
  4.5415921e+001
  4.3412269e+001
  3.8941572e+001
  3.8861350e+001
  3.8956474e+001
  3.7344168e+001
  3.7381035e+001
  3.2589435e+001
  3.1397451e+001
  2.9786064e+001
  3.0995108e+001
  2.9602914e+001
  2.7405150e+001
  2.3120701e+001
  2.4952219e+001
  2.2270701e+001
  2.1904580e+001
  2.1268536e+001
  1.9342513e+001
  1.9701383e+001
  1.7574532e+001
  1.5107607e+001
  1.5789665e+001
  1.5733278e+001
  1.1627880e+001
  1.1586307e+001
  1.3910957e+001
  9.6238666e+000
  1.5164100e+001
  1.0266625e+001
  8.9683024e+000
  9.1182271e+000
  1.2704590e+001
  6.3661655e+000
  5.5058263e+000
  6.7285964e+000
  8.8340485e+000
  8.2777184e+000
  7.6212698e+000
  7.7880004e+000
  8.8945014e+000
  5.6221823e+000
  6.8024541e+000
  2.8849278e+000
  8.0760607e+000
  8.0426930e+000
  3.8789201e+000
  6.2534080e+000
  6.2870023e+000
  1.4715812e+000
  3.9549466e+000
  6.6421091e+000
  4.7055089e+000
  5.6733388e-001
  5.3120604e+000
  4.6444152e+000
  4.8699929e+000
  4.1325553e+000
